19.390,3,10,10
19.570,5,10,10
19.750,0,10,10
19.990,3,10,10
20.170,5,10,10
20.350,0,10,10
20.590,1,10,10
20.770,3,10,10
21.040,2,10,10
21.220,4,10,10
21.400,6,10,10
21.640,2,10,10
21.820,4,10,10
22.090,1,10,10
22.270,3,10,10
22.450,5,10,10
22.690,1,10,10
22.870,3,10,10
23.050,5,10,10
23.290,3,10,10
23.470,5,10,10
23.650,0,10,10
23.890,4,10,10
24.070,6,10,10
24.250,1,10,10
24.490,3,10,10
24.670,5,10,10
24.850,0,10,10
25.090,0,10,10
25.270,2,10,10
25.450,4,10,10
25.690,2,10,10
25.870,4,10,10
26.140,3,10,10
26.320,5,10,10
26.500,0,10,10
26.680,4,10,10
26.890,2,10,10
27.070,4,10,10
27.340,3,10,10
27.520,5,10,10
27.700,0,10,10
27.880,4,10,10
28.090,4,10,10
28.270,6,10,10
28.450,1,10,10
28.690,3,10,10
28.870,5,10,10
29.050,0,10,10
29.290,0,10,10
29.470,2,10,10
29.650,4,10,10
29.830,1,10,10
30.010,3,10,10
30.190,3,10,10
30.370,5,10,10
30.640,6,10,10
30.820,1,10,10
31.000,3,10,10
31.180,0,10,10
31.390,2,10,10
31.570,4,10,10
31.840,2,10,10
32.020,4,10,10
32.200,6,10,10
32.380,3,10,10
32.590,4,10,10
32.770,6,10,10
33.040,2,10,10
33.220,4,10,10
33.400,6,10,10
33.640,4,10,10
33.820,6,10,10
34.090,5,10,10
34.270,0,10,10
34.450,2,10,10
34.630,6,10,10
34.840,4,10,10
35.020,6,10,10
35.290,4,10,10
35.470,6,10,10
35.650,1,10,10
35.890,2,10,10
36.070,4,10,10
36.250,6,10,10
36.490,4,10,10
36.670,6,10,10
36.940,2,10,10
37.120,4,10,10
37.300,6,10,10
37.540,3,10,10
37.720,5,10,10
37.990,4,10,10
38.170,6,10,10
38.350,1,10,10
38.590,2,10,10
38.770,4,10,10
39.040,1,10,10
39.220,3,10,10
39.400,5,10,10
39.640,3,10,10
39.820,5,10,10
40.000,0,10,10
40.180,4,10,10
40.360,6,10,10
40.540,1,10,10
40.720,2,10,10
40.900,3,10,10
41.080,5,10,10
41.260,0,10,10
41.440,4,10,10
41.620,6,10,10
41.800,1,10,10
41.980,2,10,10
42.190,2,10,10
42.370,4,10,10
42.550,6,10,10
42.730,3,10,10
42.910,5,10,10
43.090,0,10,10
43.270,1,10,10
43.450,2,10,10
43.630,4,10,10
43.810,6,10,10
43.990,3,10,10
44.170,5,10,10
44.350,0,10,10
44.590,5,10,10
44.770,0,10,10
44.950,2,10,10
45.130,6,10,10
45.310,1,10,10
45.490,3,10,10
45.670,4,10,10
45.850,5,10,10
46.030,0,10,10
46.210,2,10,10
46.390,6,10,10
46.570,1,10,10
46.750,3,10,10
46.990,1,10,10
47.170,3,10,10
47.440,1,10,10
47.620,3,10,10
47.800,5,10,10
47.980,2,10,10
48.190,0,10,10
48.370,2,10,10
48.550,4,10,10
48.790,1,10,10
48.970,3,10,10
49.240,2,10,10
49.420,4,10,10
49.600,6,10,10
49.840,3,10,10
50.020,5,10,10
50.290,4,10,10
50.470,6,10,10
50.650,1,10,10
50.890,5,10,10
51.070,0,10,10
51.250,2,10,10
51.490,5,10,10
51.670,0,10,10
51.850,2,10,10
52.090,1,10,10
52.270,3,10,10
52.540,2,10,10
52.720,4,10,10
52.900,6,10,10
53.140,3,10,10
53.320,5,10,10
53.590,3,10,10
53.770,5,10,10
53.950,0,10,10
54.130,4,10,10
54.340,3,10,10
54.520,5,10,10
54.700,0,10,10
54.880,4,10,10
55.090,0,10,10
55.270,2,10,10
55.450,4,10,10
55.630,1,10,10
55.840,3,10,10
56.020,5,10,10
56.290,5,10,10
56.470,0,10,10
56.650,2,10,10
56.890,3,10,10
57.070,5,10,10
57.340,3,10,10
57.520,5,10,10
57.700,0,10,10
58.015,2,10,10
58.195,4,10,10
58.375,6,10,10
58.690,4,10,10
58.870,6,10,10
59.050,1,10,10
59.290,6,10,10
59.470,1,10,10
59.650,3,10,10
59.890,4,10,10
60.070,6,10,10
60.340,4,10,10
60.520,6,10,10
60.700,1,10,10
60.880,5,10,10
61.090,1,10,10
61.270,3,10,10
61.450,5,10,10
61.690,1,10,10
61.870,3,10,10
62.050,5,10,10
62.290,2,10,10
62.470,4,10,10
62.650,6,10,10
62.890,1,10,10
63.070,3,10,10
63.340,3,10,10
63.520,5,10,10
63.700,0,10,10
63.880,4,10,10
64.090,1,10,10
64.270,3,10,10
64.450,5,10,10
64.690,4,10,10
64.870,6,10,10
65.050,1,10,10
65.290,0,10,10
65.470,2,10,10
65.650,4,10,10
65.890,5,10,10
66.070,0,10,10
66.250,2,10,10
66.565,1,10,10
66.745,3,10,10
67.015,1,10,10
67.195,3,10,10
67.375,5,10,10
67.555,2,10,10
67.840,3,10,10
68.020,5,10,10
68.290,6,10,10
68.470,1,10,10
68.650,3,10,10
68.830,0,10,10
69.040,2,10,10
69.220,4,10,10
69.490,1,10,10
69.670,3,10,10
69.850,5,10,10
70.090,1,10,10
70.270,3,10,10
70.450,5,10,10
70.690,4,10,10
70.870,6,10,10
71.050,1,10,10
71.290,5,10,10
71.470,0,10,10
71.650,2,10,10
71.890,3,10,10
72.070,5,10,10
72.250,0,10,10
72.565,2,10,10
72.745,4,10,10
72.925,6,10,10
73.090,0,10,10
73.270,2,10,10
73.450,4,10,10
73.765,1,10,10
73.945,3,10,10
74.125,5,10,10
74.290,3,10,10
74.470,5,10,10
74.650,0,10,10
74.965,5,10,10
75.145,0,10,10
75.415,5,10,10
75.595,0,10,10
75.775,2,10,10
76.090,2,10,10
76.270,4,10,10
76.540,3,10,10
76.720,5,10,10
76.900,0,10,10
77.080,4,10,10
77.290,0,10,10
77.470,2,10,10
77.650,4,10,10
77.890,2,10,10
78.070,4,10,10
78.250,6,10,10
78.430,3,10,10
78.640,3,10,10
78.820,5,10,10
79.090,1,10,10
79.270,3,10,10
79.450,5,10,10
79.630,2,10,10
79.840,1,10,10
80.020,3,10,10
80.290,4,10,10
80.470,6,10,10
80.650,1,10,10
80.830,5,10,10
81.040,0,10,10
81.220,2,10,10
81.490,5,10,10
81.670,0,10,10
81.850,2,10,10
82.090,4,10,10
82.270,6,10,10
82.450,1,10,10
82.690,5,10,10
82.870,0,10,10
83.050,2,10,10
83.290,6,10,10
83.470,1,10,10
83.740,4,10,10
83.920,6,10,10
84.100,1,10,10
84.280,5,10,10
84.490,4,10,10
84.670,6,10,10
84.940,3,10,10
85.120,5,10,10
85.300,0,10,10
85.480,4,10,10
85.690,3,10,10
85.870,5,10,10
86.140,3,10,10
86.320,5,10,10
86.500,0,10,10
86.815,3,10,10
86.995,5,10,10
87.175,0,10,10
87.490,3,10,10
87.670,5,10,10
87.850,0,10,10
88.030,4,10,10
88.240,5,10,10
88.420,0,10,10
88.690,5,10,10
88.870,0,10,10
89.050,2,10,10
89.230,6,10,10
89.440,3,10,10
89.620,5,10,10
89.890,5,10,10
90.070,0,10,10
90.250,2,10,10
90.430,6,10,10
90.640,0,10,10
90.820,2,10,10
91.090,1,10,10
91.270,3,10,10
91.450,5,10,10
91.630,2,10,10
91.840,1,10,10
92.020,3,10,10
92.290,4,10,10
92.470,6,10,10
92.650,1,10,10
92.830,5,10,10
93.040,2,10,10
93.220,4,10,10
93.490,1,10,10
93.670,3,10,10
93.850,5,10,10
94.090,3,10,10
94.270,5,10,10
94.450,0,10,10
94.690,4,10,10
94.870,6,10,10
95.050,1,10,10
95.290,4,10,10
95.470,6,10,10
95.740,3,10,10
95.920,5,10,10
96.100,0,10,10
96.280,4,10,10
96.460,6,10,10
96.640,1,10,10
96.820,2,10,10
97.000,3,10,10
97.180,5,10,10
97.390,2,10,10
97.570,4,10,10
97.840,2,10,10
98.020,4,10,10
98.200,6,10,10
98.380,3,10,10
98.590,1,10,10
98.770,3,10,10
99.040,5,10,10
99.220,0,10,10
99.400,2,10,10
99.580,6,10,10
99.790,2,10,10
99.970,4,10,10
100.240,3,10,10
100.420,5,10,10
100.600,0,10,10
100.840,3,10,10
101.020,5,10,10
101.290,5,10,10
101.470,0,10,10
101.650,2,10,10
101.830,6,10,10
102.010,1,10,10
102.190,2,10,10
102.370,4,10,10
102.640,1,10,10
102.820,3,10,10
103.000,5,10,10
103.180,2,10,10
103.390,3,10,10
103.570,5,10,10
103.840,1,10,10
104.020,3,10,10
104.200,5,10,10
104.380,2,10,10
104.590,3,10,10
104.770,5,10,10
104.950,0,10,10
105.190,3,10,10
105.370,5,10,10
105.550,0,10,10
105.790,0,10,10
105.970,2,10,10
106.150,4,10,10
106.390,1,10,10
106.570,3,10,10
106.750,5,10,10
106.930,2,10,10
107.110,4,10,10
107.290,6,10,10
107.440,3,10,10
107.620,5,10,10
107.890,2,10,10
108.070,4,10,10
108.250,6,10,10
108.430,3,10,10
108.640,4,10,10
108.820,6,10,10
109.090,3,10,10
109.270,5,10,10
109.450,0,10,10
109.630,4,10,10
109.840,4,10,10
110.020,6,10,10
110.290,1,10,10
110.470,3,10,10
110.650,5,10,10
110.830,2,10,10
111.010,4,10,10
111.190,2,10,10
111.370,4,10,10
111.550,6,10,10
111.790,2,10,10
111.970,4,10,10
112.240,3,10,10
112.420,5,10,10
112.600,0,10,10
112.840,3,10,10
113.020,5,10,10
113.200,0,10,10
113.380,4,10,10
113.560,6,10,10
113.740,1,10,10
113.920,2,10,10
114.190,3,10,10
114.370,5,10,10
114.640,2,10,10
114.820,4,10,10
115.000,6,10,10
115.180,3,10,10
115.390,2,10,10
115.570,4,10,10
115.840,3,10,10
116.020,5,10,10
116.200,0,10,10
116.380,4,10,10
116.590,1,10,10
116.770,3,10,10
117.040,3,10,10
117.220,5,10,10
117.400,0,10,10
117.580,4,10,10
117.790,5,10,10
117.970,0,10,10
118.240,6,10,10
118.420,1,10,10
118.600,3,10,10
118.840,5,10,10
119.020,0,10,10
119.290,1,10,10
119.470,3,10,10
119.650,5,10,10
119.830,2,10,10
120.040,3,10,10
120.220,5,10,10
120.490,2,10,10
120.670,4,10,10
120.850,6,10,10
121.090,1,10,10
121.270,3,10,10
121.540,3,10,10
121.720,5,10,10
121.900,0,10,10
122.080,4,10,10
122.290,3,10,10
122.470,5,10,10
122.740,5,10,10
122.920,0,10,10
123.100,2,10,10
123.340,3,10,10
123.520,5,10,10
123.790,1,10,10
123.970,3,10,10
124.150,5,10,10
124.330,2,10,10
124.540,2,10,10
124.720,4,10,10
124.990,4,10,10
125.170,6,10,10
125.350,1,10,10
125.590,4,10,10
125.770,6,10,10
125.950,1,10,10
126.190,4,10,10
126.370,6,10,10
126.550,1,10,10
126.790,1,10,10
126.970,3,10,10
127.240,2,10,10
127.420,4,10,10
127.600,6,10,10
127.840,4,10,10
128.020,6,10,10
128.200,1,10,10
128.440,0,10,10
128.620,2,10,10
128.800,4,10,10
129.115,3,10,10
129.295,5,10,10
129.475,0,10,10
129.640,5,10,10
129.820,0,10,10
130.000,2,10,10
130.240,2,10,10
130.420,4,10,10
130.600,6,10,10
130.840,0,10,10
131.020,2,10,10
131.200,4,10,10
131.515,1,10,10
131.695,3,10,10
131.875,5,10,10
132.190,2,10,10
132.370,4,10,10
132.550,6,10,10
132.790,2,10,10
132.970,4,10,10
133.150,6,10,10
133.330,3,10,10
133.510,5,10,10
133.690,0,10,10
133.870,1,10,10
134.050,2,10,10
134.230,4,10,10
134.410,6,10,10
134.590,3,10,10
134.770,5,10,10
134.950,0,10,10
135.130,1,10,10
135.310,2,10,10
135.490,4,10,10
135.790,2,10,10
135.970,4,10,10
136.240,5,10,10
136.420,0,10,10
136.600,2,10,10
136.780,6,10,10
136.990,1,10,10
137.170,3,10,10
137.350,5,10,10
137.590,1,10,10
137.770,3,10,10
137.950,5,10,10
138.130,2,10,10
138.310,4,10,10
138.490,5,10,10
138.670,0,10,10
138.850,2,10,10
139.090,4,10,10
139.270,6,10,10
139.450,1,10,10
139.630,5,10,10
139.810,0,10,10
139.990,1,10,10
140.170,3,10,10
140.350,5,10,10
140.590,4,10,10
140.770,6,10,10
140.950,1,10,10
141.130,5,10,10
141.310,0,10,10
141.490,3,10,10
141.670,5,10,10
141.940,4,10,10
142.120,6,10,10
142.300,1,10,10
142.480,5,10,10
142.690,6,10,10
142.870,1,10,10
143.050,3,10,10
143.230,0,10,10
143.410,2,10,10
143.590,4,10,10
143.770,5,10,10
143.950,6,10,10
144.265,3,10,10
144.445,5,10,10
144.625,0,10,10
144.805,4,10,10
144.985,6,10,10
145.165,1,10,10
145.345,2,10,10
145.525,3,10,10
145.690,0,10,10
145.870,2,10,10
146.050,4,10,10
146.290,4,10,10
146.470,6,10,10
146.650,1,10,10
146.830,5,10,10
147.040,3,10,10
147.220,5,10,10
147.490,2,10,10
147.670,4,10,10
147.850,6,10,10
148.030,3,10,10
148.240,4,10,10
148.420,6,10,10
148.600,1,10,10
148.840,3,10,10
149.020,5,10,10
149.200,0,10,10
149.380,4,10,10
149.590,1,10,10
149.770,3,10,10
149.950,5,10,10
150.190,2,10,10
150.370,4,10,10
150.550,6,10,10
150.730,3,10,10
150.910,5,10,10
151.090,6,10,10
151.270,1,10,10
151.450,3,10,10
151.630,0,10,10
151.840,3,10,10
152.020,5,10,10
152.290,0,10,10
152.470,2,10,10
152.650,4,10,10
152.965,3,10,10
153.145,5,10,10
153.325,0,10,10
153.640,3,10,10
153.820,5,10,10
154.090,1,10,10
154.270,3,10,10
154.450,5,10,10
154.630,2,10,10
154.810,4,10,10
154.990,6,10,10
155.170,1,10,10
155.440,6,10,10
155.620,1,10,10
155.800,3,10,10
155.980,0,10,10
156.190,3,10,10
156.370,5,10,10
156.640,1,10,10
156.820,3,10,10
157.000,5,10,10
157.180,2,10,10
157.390,1,10,10
157.570,3,10,10
157.840,5,10,10
158.020,0,10,10
158.200,2,10,10
158.380,6,10,10
158.590,4,10,10
158.770,6,10,10
158.950,1,10,10
159.190,1,10,10
159.370,3,10,10
159.550,5,10,10
159.865,4,10,10
160.045,6,10,10
160.225,1,10,10
160.405,5,10,10
160.690,2,10,10
160.870,4,10,10
161.050,6,10,10
161.290,1,10,10
161.470,3,10,10
161.650,5,10,10
161.830,2,10,10
162.010,4,10,10
162.190,4,10,10
162.370,6,10,10
162.640,3,10,10
162.820,5,10,10
163.000,0,10,10
163.240,3,10,10
163.420,5,10,10
163.690,6,10,10
163.870,1,10,10
164.050,3,10,10
164.230,0,10,10
164.410,2,10,10
164.590,3,10,10
164.770,5,10,10
165.040,5,10,10
165.220,0,10,10
165.400,2,10,10
165.580,6,10,10
165.790,3,10,10
165.970,5,10,10
166.240,4,10,10
166.420,6,10,10
166.600,1,10,10
166.780,5,10,10
166.990,0,10,10
167.170,2,10,10
167.440,2,10,10
167.620,4,10,10
167.800,6,10,10
167.980,3,10,10
168.190,3,10,10
168.370,5,10,10
168.640,2,10,10
168.820,4,10,10
169.000,6,10,10
169.180,3,10,10
169.390,2,10,10
169.570,4,10,10
169.840,1,10,10
170.020,3,10,10
170.200,5,10,10
170.380,2,10,10
170.590,5,10,10
170.770,0,10,10
171.040,2,10,10
171.220,4,10,10
171.400,6,10,10
171.580,3,10,10
171.790,3,10,10
171.970,5,10,10
172.240,3,10,10
172.420,5,10,10
172.600,0,10,10
172.780,4,10,10
172.990,2,10,10
173.170,4,10,10
173.440,2,10,10
173.620,4,10,10
173.800,6,10,10
173.980,3,10,10
174.190,1,10,10
174.370,3,10,10
174.640,0,10,10
174.820,2,10,10
175.000,4,10,10
175.180,1,10,10
175.390,5,10,10
175.570,0,10,10
175.840,3,10,10
176.020,5,10,10
176.200,0,10,10
176.380,4,10,10
176.590,4,10,10
176.770,6,10,10
177.040,6,10,10
177.220,1,10,10
177.400,3,10,10
177.580,0,10,10
177.790,6,10,10
177.970,1,10,10
178.240,4,10,10
178.420,6,10,10
178.600,1,10,10
178.780,5,10,10
178.990,2,10,10
179.170,4,10,10
179.440,3,10,10
179.620,5,10,10
179.800,0,10,10
180.115,4,10,10
180.295,6,10,10
180.475,1,10,10
180.790,5,10,10
180.970,0,10,10
181.150,2,10,10
181.390,4,10,10
181.570,6,10,10
181.750,1,10,10
181.990,0,10,10
182.170,2,10,10
182.440,0,10,10
182.620,2,10,10
182.800,4,10,10
182.980,1,10,10
183.160,3,10,10
183.340,5,10,10
183.520,6,10,10
183.790,3,10,10
183.970,5,10,10
184.240,5,10,10
184.420,0,10,10
184.600,2,10,10
184.780,6,10,10
184.990,2,10,10
185.170,4,10,10
185.440,4,10,10
185.620,6,10,10
185.800,1,10,10
185.980,5,10,10
186.190,4,10,10
186.370,6,10,10
186.640,3,10,10
186.820,5,10,10
187.000,0,10,10
187.240,6,10,10
187.420,1,10,10
187.690,6,10,10
187.870,1,10,10
188.050,3,10,10
188.230,0,10,10
188.410,2,10,10
188.590,3,10,10
188.770,5,10,10
189.040,0,10,10
189.220,2,10,10
189.400,4,10,10
189.580,1,10,10
189.790,3,10,10
189.970,5,10,10
190.240,4,10,10
190.420,6,10,10
190.600,1,10,10
190.780,5,10,10
190.990,3,10,10
191.170,5,10,10
191.350,0,10,10
191.590,1,10,10
191.770,3,10,10
191.950,5,10,10
192.265,3,10,10
192.445,5,10,10
192.625,0,10,10
192.790,4,10,10
192.970,6,10,10
193.150,1,10,10
193.330,5,10,10
193.510,0,10,10
193.690,2,10,10
193.840,2,10,10
194.020,4,10,10
194.290,3,10,10
194.470,5,10,10
194.650,0,10,10
194.830,4,10,10
195.040,2,10,10
195.220,4,10,10
195.490,6,10,10
195.670,1,10,10
195.850,3,10,10
196.030,0,10,10
196.240,3,10,10
196.420,5,10,10
196.690,2,10,10
196.870,4,10,10
197.050,6,10,10
197.230,3,10,10
197.440,2,10,10
197.620,4,10,10
197.890,2,10,10
198.070,4,10,10
198.250,6,10,10
198.490,4,10,10
198.670,6,10,10
198.940,3,10,10
199.120,5,10,10
199.300,0,10,10
199.480,4,10,10
199.660,6,10,10
199.840,1,10,10
200.020,2,10,10
200.200,3,10,10
200.380,5,10,10
200.590,2,10,10
200.770,4,10,10
201.040,4,10,10
201.220,6,10,10
201.400,1,10,10
201.580,5,10,10
201.790,4,10,10
201.970,6,10,10
202.240,1,10,10
202.420,3,10,10
202.600,5,10,10
202.780,2,10,10
202.990,5,10,10
203.170,0,10,10
203.440,2,10,10
203.620,4,10,10
203.800,6,10,10
203.980,3,10,10
204.190,1,10,10
204.370,3,10,10
204.640,1,10,10
204.820,3,10,10
205.000,5,10,10
205.240,2,10,10
205.420,4,10,10
205.690,4,10,10
205.870,6,10,10
206.050,1,10,10
206.230,5,10,10
206.440,3,10,10
206.620,5,10,10
206.890,3,10,10
207.070,5,10,10
207.250,0,10,10
207.490,2,10,10
207.670,4,10,10
207.940,4,10,10
208.120,6,10,10
208.300,1,10,10
208.480,5,10,10
208.690,5,10,10
208.870,0,10,10
209.140,2,10,10
209.320,4,10,10
209.500,6,10,10
209.680,3,10,10
209.890,3,10,10
210.070,5,10,10
210.340,3,10,10
210.520,5,10,10
210.700,0,10,10
210.880,4,10,10
211.090,1,10,10
211.270,3,10,10
211.450,5,10,10
211.690,5,10,10
211.870,0,10,10
212.050,2,10,10
212.230,6,10,10
212.410,1,10,10
212.590,4,10,10
212.770,6,10,10
213.040,5,10,10
213.220,0,10,10
213.400,2,10,10
213.580,6,10,10
213.790,4,10,10
213.970,6,10,10
214.240,3,10,10
214.420,5,10,10
214.600,0,10,10
214.780,4,10,10
214.990,3,10,10
215.170,5,10,10
215.440,1,10,10
215.620,3,10,10
215.800,5,10,10
215.980,2,10,10
216.190,3,10,10
216.370,5,10,10
216.640,2,10,10
216.820,4,10,10
217.000,6,10,10
217.180,3,10,10
217.390,1,10,10
217.570,3,10,10
217.750,5,10,10
217.990,1,10,10
218.170,3,10,10
218.350,5,10,10
218.590,0,10,10
218.770,2,10,10
218.950,4,10,10
219.130,1,10,10
219.310,3,10,10
219.490,5,10,10
219.790,4,10,10
219.970,6,10,10
220.150,1,10,10
220.330,5,10,10
220.510,0,10,10
220.690,2,10,10
220.870,3,10,10
221.050,4,10,10
221.230,6,10,10
221.410,1,10,10
221.590,5,10,10
221.770,0,10,10
221.950,2,10,10
222.190,3,10,10
222.370,5,10,10
222.550,0,10,10
222.730,4,10,10
222.910,6,10,10
223.090,1,10,10
223.270,2,10,10
223.450,3,10,10
223.690,3,10,10
223.870,5,10,10
224.050,0,10,10
224.230,4,10,10
224.410,6,10,10
224.590,1,10,10
224.770,2,10,10
224.950,3,10,10
225.190,3,10,10
225.370,5,10,10
225.550,0,10,10
225.730,4,10,10
225.910,6,10,10
226.090,1,10,10
226.270,2,10,10
226.450,3,10,10
226.690,3,10,10
226.870,5,10,10
227.050,0,10,10
227.230,4,10,10
227.410,6,10,10
227.590,1,10,10
227.770,2,10,10
227.950,3,10,10
228.190,3,10,10
228.370,5,10,10
228.550,0,10,10
228.730,4,10,10
228.910,6,10,10
229.090,1,10,10
229.270,2,10,10
229.450,3,10,10
229.690,3,10,10
229.870,5,10,10
230.050,0,10,10
230.230,4,10,10
230.410,6,10,10
230.590,1,10,10
230.770,2,10,10
230.950,3,10,10
231.130,5,10,10
231.310,0,10,10
231.490,1,10,10
231.670,3,10,10
231.850,5,10,10
232.030,2,10,10
232.210,4,10,10
232.390,6,10,10
232.570,0,10,10
232.750,1,10,10
232.930,3,10,10
233.110,5,10,10
233.290,2,10,10
233.470,4,10,10
233.650,6,10,10
233.890,5,10,10
234.070,0,10,10
234.250,2,10,10
234.430,6,10,10
234.610,1,10,10
234.790,3,10,10
234.970,4,10,10
235.150,5,10,10
235.330,0,10,10
235.510,2,10,10
235.690,6,10,10
235.870,1,10,10
236.050,3,10,10
236.230,4,10,10
236.440,6,10,10
236.620,1,10,10
236.800,3,10,10
236.980,0,10,10
237.160,2,10,10
237.340,4,10,10
237.520,5,10,10
237.700,6,10,10
237.880,1,10,10
238.060,3,10,10
238.240,0,10,10
238.420,2,10,10
238.600,4,10,10
238.780,5,10,10
239.065,3,10,10
239.245,5,10,10
239.425,0,10,10
239.605,4,10,10
239.785,6,10,10
239.965,1,10,10
240.145,2,10,10
240.325,3,10,10
240.565,3,10,10
240.745,5,10,10
240.925,0,10,10
241.105,4,10,10
241.285,6,10,10
241.465,1,10,10
241.645,2,10,10
241.825,3,10,10
242.005,5,10,10
242.185,0,10,10
242.365,4,10,10
242.590,5,10,10
242.770,0,10,10
242.950,2,10,10
243.130,6,10,10
243.295,4,10,10
243.475,6,10,10
243.655,1,10,10
243.835,5,10,10
244.001,5,10,10
244.181,0,10,10
244.361,2,10,10
244.531,4,10,10
244.711,6,10,10
244.891,1,10,10
245.071,5,10,10
245.237,2,10,10
245.417,4,10,10
245.677,5,10,10
245.857,0,10,10
246.037,2,10,10
246.217,6,10,10
246.472,2,10,10
246.652,4,10,10
246.832,6,10,10
247.090,2,10,10
247.270,4,10,10
247.531,2,10,10
247.711,4,10,10
247.891,6,10,10
248.071,3,10,10
248.237,2,10,10
248.417,4,10,10
248.678,1,10,10
248.858,3,10,10
249.038,5,10,10
249.295,3,10,10
249.475,5,10,10
249.655,0,10,10
249.913,4,10,10
250.093,6,10,10
250.354,3,10,10
250.534,5,10,10
250.714,0,10,10
250.894,4,10,10
251.060,2,10,10
251.240,4,10,10
251.501,0,10,10
251.681,2,10,10
251.861,4,10,10
252.119,2,10,10
252.299,4,10,10
252.560,3,10,10
252.740,5,10,10
252.920,0,10,10
253.178,5,10,10
253.358,0,10,10
253.619,3,10,10
253.799,5,10,10
253.979,0,10,10
254.159,4,10,10
254.413,2,10,10
254.593,4,10,10
254.773,6,10,10
254.942,0,10,10
255.122,2,10,10
255.302,4,10,10
255.482,1,10,10
255.662,3,10,10
255.825,1,10,10
256.005,3,10,10
256.265,1,10,10
256.445,3,10,10
256.625,5,10,10
256.883,3,10,10
257.063,5,10,10
257.243,0,10,10
257.413,6,10,10
257.593,1,10,10
257.773,3,10,10
257.953,0,10,10
258.119,4,10,10
258.299,6,10,10
258.560,2,10,10
258.740,4,10,10
258.920,6,10,10
259.178,1,10,10
259.358,3,10,10
259.538,5,10,10
259.707,2,10,10
259.887,4,10,10
260.067,6,10,10
260.247,3,10,10
260.501,2,10,10
260.681,4,10,10
260.942,6,10,10
261.122,1,10,10
261.302,3,10,10
261.482,0,10,10
261.648,2,10,10
261.828,4,10,10
262.008,6,10,10
262.188,3,10,10
262.354,1,10,10
262.534,3,10,10
262.714,5,10,10
262.894,2,10,10
263.060,3,10,10
263.240,5,10,10
263.420,0,10,10
263.600,4,10,10
263.766,1,10,10
263.946,3,10,10
264.207,3,10,10
264.387,5,10,10
264.567,0,10,10
264.825,3,10,10
265.005,5,10,10
265.266,2,10,10
265.446,4,10,10
265.626,6,10,10
265.884,4,10,10
266.064,6,10,10
266.244,1,10,10
266.424,5,10,10
266.590,4,10,10
266.770,6,10,10
266.950,1,10,10
267.119,2,10,10
267.299,4,10,10
267.479,6,10,10
267.659,3,10,10
267.825,3,10,10
268.005,5,10,10
268.265,3,10,10
268.445,5,10,10
268.625,0,10,10
268.805,4,10,10
269.060,2,10,10
269.240,4,10,10
269.420,6,10,10
269.678,3,10,10
269.858,5,10,10
270.119,3,10,10
270.299,5,10,10
270.479,0,10,10
270.659,4,10,10
270.825,2,10,10
271.005,4,10,10
271.266,4,10,10
271.446,6,10,10
271.626,1,10,10
271.884,2,10,10
272.064,4,10,10
272.244,6,10,10
272.501,1,10,10
272.681,3,10,10
272.942,4,10,10
273.122,6,10,10
273.302,1,10,10
273.482,5,10,10
273.648,4,10,10
273.828,6,10,10
274.089,2,10,10
274.269,4,10,10
274.449,6,10,10
274.707,3,10,10
274.887,5,10,10
275.148,5,10,10
275.328,0,10,10
275.508,2,10,10
275.766,5,10,10
275.946,0,10,10
276.207,2,10,10
276.387,4,10,10
276.567,6,10,10
276.825,1,10,10
277.005,3,10,10
277.185,5,10,10
277.365,2,10,10
277.531,3,10,10
277.711,5,10,10
277.891,0,10,10
278.060,4,10,10
278.240,6,10,10
278.420,1,10,10
278.600,5,10,10
278.780,0,10,10
278.960,2,10,10
279.140,3,10,10
279.295,4,10,10
279.475,6,10,10
279.736,2,10,10
279.916,4,10,10
280.096,6,10,10
280.353,4,10,10
280.533,6,10,10
280.795,3,10,10
280.975,5,10,10
281.155,0,10,10
281.413,2,10,10
281.593,4,10,10
281.773,6,10,10
281.953,3,10,10
282.119,4,10,10
282.299,6,10,10
282.479,1,10,10
282.648,0,10,10
282.828,2,10,10
283.008,4,10,10
283.188,1,10,10
283.354,2,10,10
283.534,4,10,10
283.714,6,10,10
283.884,5,10,10
284.064,0,10,10
284.244,2,10,10
284.501,2,10,10
284.681,4,10,10
284.942,4,10,10
285.122,6,10,10
285.302,1,10,10
285.559,4,10,10
285.739,6,10,10
286.001,2,10,10
286.181,4,10,10
286.361,6,10,10
286.541,3,10,10
286.707,2,10,10
286.887,4,10,10
287.067,6,10,10
287.247,3,10,10
287.413,2,10,10
287.593,4,10,10
287.773,6,10,10
287.916,5,10,10
288.096,0,10,10
288.276,2,10,10
288.516,4,10,10
288.696,6,10,10
288.966,1,10,10
289.146,3,10,10
289.326,5,10,10
289.506,2,10,10
289.716,4,10,10
289.896,6,10,10
290.166,4,10,10
290.346,6,10,10
290.526,1,10,10
290.766,5,10,10
290.946,0,10,10
291.216,5,10,10
291.396,0,10,10
291.576,2,10,10
291.756,6,10,10
291.936,1,10,10
292.116,3,10,10
292.266,3,10,10
292.446,5,10,10
292.716,2,10,10
292.896,4,10,10
293.076,6,10,10
293.256,3,10,10
293.466,5,10,10
293.646,0,10,10
293.916,2,10,10
294.096,4,10,10
294.276,6,10,10
294.516,2,10,10
294.696,4,10,10
294.966,0,10,10
295.146,2,10,10
295.326,4,10,10
295.506,1,10,10
295.716,3,10,10
295.896,5,10,10
296.166,2,10,10
296.346,4,10,10
296.526,6,10,10
296.706,3,10,10
296.886,5,10,10
297.066,0,10,10
297.366,1,10,10
297.546,3,10,10
297.726,5,10,10
297.906,2,10,10
298.086,4,10,10
298.266,6,10,10
298.446,0,10,10
298.626,1,10,10
298.806,3,10,10
298.986,5,10,10
299.166,2,10,10
299.346,4,10,10
299.526,6,10,10
299.766,1,10,10
299.946,3,10,10
300.216,2,10,10
300.396,4,10,10
300.576,6,10,10
300.891,5,10,10
301.071,0,10,10
301.341,4,10,10
301.521,6,10,10
301.701,1,10,10
301.881,5,10,10
302.166,2,10,10
302.346,4,10,10
302.616,1,10,10
302.796,3,10,10
302.976,5,10,10
303.216,4,10,10
303.396,6,10,10
303.666,5,10,10
303.846,0,10,10
304.026,2,10,10
304.206,6,10,10
304.386,1,10,10
304.566,4,10,10
304.746,6,10,10
305.016,2,10,10
305.196,4,10,10
305.376,6,10,10
305.691,1,10,10
305.871,3,10,10
306.141,3,10,10
306.321,5,10,10
306.501,0,10,10
306.816,4,10,10
306.996,6,10,10
307.266,2,10,10
307.446,4,10,10
307.626,6,10,10
307.806,3,10,10
307.986,5,10,10
308.166,1,10,10
308.346,3,10,10
308.616,4,10,10
308.796,6,10,10
308.976,1,10,10
309.216,4,10,10
309.396,6,10,10
309.666,3,10,10
309.846,5,10,10
310.026,0,10,10
310.266,3,10,10
310.446,5,10,10
310.626,0,10,10
310.866,0,10,10
311.046,2,10,10
311.226,4,10,10
311.466,2,10,10
311.646,4,10,10
311.826,6,10,10
312.006,3,10,10
312.216,3,10,10
312.396,5,10,10
312.666,4,10,10
312.846,6,10,10
313.026,1,10,10
313.206,5,10,10
313.416,3,10,10
313.596,5,10,10
313.866,1,10,10
314.046,3,10,10
314.226,5,10,10
314.466,0,10,10
314.646,2,10,10
314.916,0,10,10
315.096,2,10,10
315.276,4,10,10
315.516,3,10,10
315.696,5,10,10
315.966,4,10,10
316.146,6,10,10
316.326,1,10,10
316.506,5,10,10
316.686,0,10,10
316.866,5,10,10
317.046,0,10,10
317.316,3,10,10
317.496,5,10,10
317.676,0,10,10
317.916,2,10,10
318.096,4,10,10
318.366,1,10,10
318.546,3,10,10
318.726,5,10,10
318.966,4,10,10
319.146,6,10,10
319.416,4,10,10
319.596,6,10,10
319.776,1,10,10
320.016,4,10,10
320.196,6,10,10
320.376,1,10,10
320.616,0,10,10
320.796,2,10,10
320.976,4,10,10
321.156,1,10,10
321.366,3,10,10
321.546,5,10,10
321.816,3,10,10
321.996,5,10,10
322.176,0,10,10
322.416,1,10,10
322.596,3,10,10
322.866,3,10,10
323.046,5,10,10
323.226,0,10,10
323.466,1,10,10
323.646,3,10,10
323.826,5,10,10
324.066,2,10,10
324.246,4,10,10
324.426,6,10,10
324.666,3,10,10
324.846,5,10,10
325.116,4,10,10
325.296,6,10,10
325.476,1,10,10
325.716,4,10,10
325.896,6,10,10
326.166,5,10,10
326.346,0,10,10
326.526,2,10,10
326.766,2,10,10
326.946,4,10,10
327.126,6,10,10
327.366,1,10,10
327.546,3,10,10
327.726,5,10,10
327.966,1,10,10
328.146,3,10,10
328.326,5,10,10
328.566,3,10,10
328.746,5,10,10
328.926,0,10,10
329.106,4,10,10
329.316,3,10,10
329.496,5,10,10
329.766,2,10,10
329.946,4,10,10
330.126,6,10,10
330.306,3,10,10
330.486,5,10,10
330.666,2,10,10
330.846,4,10,10
331.116,1,10,10
331.296,3,10,10
331.476,5,10,10
331.656,2,10,10
331.866,1,10,10
332.046,3,10,10
332.316,2,10,10
332.496,4,10,10
332.676,6,10,10
332.856,3,10,10
333.036,5,10,10
333.216,0,10,10
333.516,3,10,10
333.696,5,10,10
333.966,3,10,10
334.146,5,10,10
334.326,0,10,10
334.506,4,10,10
334.686,6,10,10
334.866,5,10,10
335.046,0,10,10
335.316,2,10,10
335.496,4,10,10
335.676,6,10,10
335.916,4,10,10
336.096,6,10,10
336.366,1,10,10
336.546,3,10,10
336.726,5,10,10
336.966,0,10,10
337.146,2,10,10
337.416,1,10,10
337.596,3,10,10
337.776,5,10,10
337.956,2,10,10
338.166,0,10,10
338.346,2,10,10
338.616,2,10,10
338.796,4,10,10
338.976,6,10,10
339.216,1,10,10
339.396,3,10,10
339.666,5,10,10
339.846,0,10,10
340.026,2,10,10
340.266,3,10,10
340.446,5,10,10
340.626,0,10,10
340.866,4,10,10
341.046,6,10,10
341.226,1,10,10
341.466,1,10,10
341.646,3,10,10
341.916,2,10,10
342.096,4,10,10
342.276,6,10,10
342.516,2,10,10
342.696,4,10,10
342.966,3,10,10
343.146,5,10,10
343.326,0,10,10
343.506,4,10,10
343.686,6,10,10
343.866,3,10,10
344.046,5,10,10
344.316,4,10,10
344.496,6,10,10
344.676,1,10,10
344.856,5,10,10
345.066,4,10,10
345.246,6,10,10
345.516,2,10,10
345.696,4,10,10
345.876,6,10,10
346.191,1,10,10
346.371,3,10,10
346.641,2,10,10
346.821,4,10,10
347.001,6,10,10
347.316,5,10,10
347.496,0,10,10
347.766,5,10,10
347.946,0,10,10
348.126,2,10,10
348.306,6,10,10
348.516,5,10,10
348.696,0,10,10
348.966,3,10,10
349.146,5,10,10
349.326,0,10,10
349.506,4,10,10
349.686,6,10,10
349.866,1,10,10
350.166,1,10,10
350.346,3,10,10
350.616,2,10,10
350.796,4,10,10
350.976,6,10,10
351.216,2,10,10
351.396,4,10,10
351.576,6,10,10
351.816,1,10,10
351.996,3,10,10
352.176,5,10,10
352.416,0,10,10
352.596,2,10,10
352.776,4,10,10
353.016,2,10,10
353.196,4,10,10
353.466,3,10,10
353.646,5,10,10
353.826,0,10,10
354.006,4,10,10
354.216,2,10,10
354.396,4,10,10
354.666,3,10,10
354.846,5,10,10
355.026,0,10,10
355.266,2,10,10
355.446,4,10,10
355.716,4,10,10
355.896,6,10,10
356.076,1,10,10
356.391,2,10,10
356.571,4,10,10
356.841,1,10,10
357.021,3,10,10
357.201,5,10,10
357.516,4,10,10
357.696,6,10,10
357.966,3,10,10
358.146,5,10,10
358.326,0,10,10
358.506,4,10,10
358.716,4,10,10
358.896,6,10,10
359.166,0,10,10
359.346,2,10,10
359.526,4,10,10
359.766,2,10,10
359.946,4,10,10
360.216,1,10,10
360.396,3,10,10
360.576,5,10,10
360.756,2,10,10
360.966,2,10,10
361.146,4,10,10
361.416,3,10,10
361.596,5,10,10
361.776,0,10,10
362.016,3,10,10
362.196,5,10,10
362.376,0,10,10
362.616,1,10,10
362.796,3,10,10
362.976,5,10,10
363.216,2,10,10
363.396,4,10,10
363.576,6,10,10
363.816,4,10,10
363.996,6,10,10
364.176,1,10,10
364.356,5,10,10
364.566,0,10,10
364.746,2,10,10
365.016,2,10,10
365.196,4,10,10
365.376,6,10,10
365.691,5,10,10
365.871,0,10,10
366.051,2,10,10
366.366,2,10,10
366.546,4,10,10
366.816,1,10,10
366.996,3,10,10
367.176,5,10,10
367.356,2,10,10
367.536,4,10,10
367.716,6,10,10
367.896,0,10,10
368.076,1,10,10
368.316,1,10,10
368.496,3,10,10
368.676,5,10,10
368.856,2,10,10
369.036,4,10,10
369.216,6,10,10
369.396,0,10,10
369.576,1,10,10
369.816,1,10,10
369.996,3,10,10
370.176,5,10,10
370.356,2,10,10
370.536,4,10,10
370.716,6,10,10
370.896,0,10,10
371.076,1,10,10
371.316,1,10,10
371.496,3,10,10
371.676,5,10,10
371.856,2,10,10
372.036,4,10,10
372.216,6,10,10
372.396,0,10,10
372.576,1,10,10
372.816,1,10,10
372.996,3,10,10
373.176,5,10,10
373.356,2,10,10
373.536,4,10,10
373.716,6,10,10
373.896,0,10,10
374.076,1,10,10
374.316,1,10,10
374.496,3,10,10
374.676,5,10,10
374.856,2,10,10
375.036,4,10,10
375.216,6,10,10
375.396,0,10,10
375.576,1,10,10
375.816,1,10,10
375.996,3,10,10
376.176,5,10,10
376.356,2,10,10
376.536,4,10,10
376.716,6,10,10
376.896,0,10,10
377.076,1,10,10
377.316,1,10,10
377.496,3,10,10
377.676,5,10,10
377.856,2,10,10
378.036,4,10,10
378.216,6,10,10
378.396,0,10,10
378.576,1,10,10
378.816,1,10,10
378.996,3,10,10
379.176,5,10,10
379.356,2,10,10
379.536,4,10,10
379.716,6,10,10
379.896,0,10,10
380.076,1,10,10
380.316,1,10,10
380.496,3,10,10
380.676,5,10,10
380.856,2,10,10
381.036,4,10,10
381.216,6,10,10
381.396,0,10,10
381.576,1,10,10
381.816,1,10,10
381.996,3,10,10
382.176,5,10,10
382.356,2,10,10
382.536,4,10,10
382.716,6,10,10
382.896,0,10,10
383.076,1,10,10
383.256,3,10,10
383.436,5,10,10
383.616,2,10,10
383.766,2,10,10
383.946,4,10,10
384.126,6,10,10
384.306,3,10,10
384.486,5,10,10
384.666,0,10,10
384.966,2,10,10
385.146,4,10,10
385.326,6,10,10
385.566,2,10,10
385.746,4,10,10
385.926,6,10,10
386.166,5,10,10
386.346,0,10,10
386.616,6,10,10
386.796,1,10,10
386.976,3,10,10
387.156,0,10,10
387.366,5,10,10
387.546,0,10,10
387.816,3,10,10
387.996,5,10,10
388.176,0,10,10
388.356,4,10,10
388.566,5,10,10
388.746,0,10,10
389.016,3,10,10
389.196,5,10,10
389.376,0,10,10
389.556,4,10,10
389.766,3,10,10
389.946,5,10,10
390.126,0,10,10
390.366,3,10,10
390.546,5,10,10
390.726,0,10,10
390.966,3,10,10
391.146,5,10,10
391.416,4,10,10
391.596,6,10,10
391.776,1,10,10
391.956,5,10,10
392.166,2,10,10
392.346,4,10,10
392.616,5,10,10
392.796,0,10,10
392.976,2,10,10
393.156,6,10,10
393.366,3,10,10
393.546,5,10,10
393.816,3,10,10
393.996,5,10,10
394.176,0,10,10
394.416,1,10,10
394.596,3,10,10
394.866,1,10,10
395.046,3,10,10
395.226,5,10,10
395.466,3,10,10
395.646,5,10,10
395.826,0,10,10
396.006,4,10,10
396.216,2,10,10
396.396,4,10,10
396.666,1,10,10
396.846,3,10,10
397.026,5,10,10
397.206,2,10,10
397.416,1,10,10
397.596,3,10,10
397.866,5,10,10
398.046,0,10,10
398.226,2,10,10
398.406,6,10,10
398.616,0,10,10
398.796,2,10,10
399.066,2,10,10
399.246,4,10,10
399.426,6,10,10
399.606,3,10,10
399.816,1,10,10
399.996,3,10,10
400.266,1,10,10
400.446,3,10,10
400.626,5,10,10
400.941,4,10,10
401.121,6,10,10
401.391,4,10,10
401.571,6,10,10
401.751,1,10,10
401.931,5,10,10
402.111,0,10,10
402.291,2,10,10
402.471,3,10,10
402.651,4,10,10
402.966,3,10,10
403.146,5,10,10
403.416,4,10,10
403.596,6,10,10
403.776,1,10,10
404.016,2,10,10
404.196,4,10,10
404.466,2,10,10
404.646,4,10,10
404.826,6,10,10
405.006,3,10,10
405.216,2,10,10
405.396,4,10,10
405.666,0,10,10
405.846,2,10,10
406.026,4,10,10
406.266,4,10,10
406.446,6,10,10
406.626,1,10,10
406.866,1,10,10
407.046,3,10,10
407.226,5,10,10
407.466,3,10,10
407.646,5,10,10
407.826,0,10,10
408.066,4,10,10
408.246,6,10,10
408.426,1,10,10
408.666,3,10,10
408.846,5,10,10
409.026,0,10,10
409.266,1,10,10
409.446,3,10,10
409.716,2,10,10
409.896,4,10,10
410.076,6,10,10
410.391,3,10,10
410.571,5,10,10
410.751,0,10,10
411.066,6,10,10
411.246,1,10,10
411.516,5,10,10
411.696,0,10,10
411.876,2,10,10
412.056,6,10,10
412.266,2,10,10
412.446,4,10,10
412.626,6,10,10
412.866,1,10,10
413.046,3,10,10
413.226,5,10,10
413.466,2,10,10
413.646,4,10,10
413.826,6,10,10
414.066,1,10,10
414.246,3,10,10
414.426,5,10,10
414.666,0,10,10
414.846,2,10,10
415.026,4,10,10
415.266,5,10,10
415.446,0,10,10
415.716,2,10,10
415.896,4,10,10
416.076,6,10,10
416.256,3,10,10
416.466,2,10,10
416.646,4,10,10
416.916,4,10,10
417.096,6,10,10
417.276,1,10,10
417.456,5,10,10
417.666,4,10,10
417.846,6,10,10
418.116,4,10,10
418.296,6,10,10
418.476,1,10,10
418.656,5,10,10
418.866,0,10,10
419.046,2,10,10
419.316,0,10,10
419.496,2,10,10
419.676,4,10,10
419.916,2,10,10
420.096,4,10,10
420.366,0,10,10
420.546,2,10,10
420.726,4,10,10
420.966,2,10,10
421.146,4,10,10
421.416,6,10,10
421.596,1,10,10
421.776,3,10,10
422.016,2,10,10
422.196,4,10,10
422.466,0,10,10
422.646,2,10,10
422.826,4,10,10
423.006,1,10,10
423.216,1,10,10
423.396,3,10,10
423.576,5,10,10
423.816,1,10,10
423.996,3,10,10
424.176,5,10,10
424.416,1,10,10
424.596,3,10,10
424.866,4,10,10
425.046,6,10,10
425.226,1,10,10
425.406,5,10,10
425.616,5,10,10
425.796,0,10,10
425.976,2,10,10
426.216,5,10,10
426.396,0,10,10
426.666,5,10,10
426.846,0,10,10
427.026,2,10,10
427.266,5,10,10
427.446,0,10,10
427.716,2,10,10
427.896,4,10,10
428.076,6,10,10
428.256,3,10,10
428.436,5,10,10
428.616,6,10,10
428.796,1,10,10
429.066,4,10,10
429.246,6,10,10
429.426,1,10,10
429.606,5,10,10
429.786,0,10,10
429.966,2,10,10
430.146,3,10,10
430.326,4,10,10
430.566,4,10,10
430.746,6,10,10
430.926,1,10,10
431.106,5,10,10
431.286,0,10,10
431.466,2,10,10
431.646,3,10,10
431.826,4,10,10
432.066,4,10,10
432.246,6,10,10
432.426,1,10,10
432.606,5,10,10
432.786,0,10,10
432.966,2,10,10
433.146,3,10,10
433.326,4,10,10
433.566,4,10,10
433.746,6,10,10
433.926,1,10,10
434.106,5,10,10
434.286,0,10,10
434.466,2,10,10
434.646,3,10,10
434.826,4,10,10
435.006,6,10,10
435.186,1,10,10
435.366,5,10,10
435.546,0,10,10
435.726,2,10,10
435.906,3,10,10
436.086,4,10,10
436.266,6,10,10
436.566,2,10,10
436.746,4,10,10
437.016,2,10,10
437.196,4,10,10
437.376,6,10,10
437.556,3,10,10
437.766,1,10,10
437.946,3,10,10
438.126,5,10,10
438.366,2,10,10
438.546,4,10,10
438.726,6,10,10
438.966,3,10,10
439.146,5,10,10
439.326,0,10,10
439.566,4,10,10
439.746,6,10,10
439.926,1,10,10
440.166,3,10,10
